run_id = D2
fit_start = 8.40000e+02 s
fit_end = 1.64000e+03 s
mdot = 1.325960e-06 M_Sun/s