run_id = D25
fit_start = 9.00000e+02 s
fit_end = 1.80000e+03 s
mdot = 1.063924e-05 M_Sun/s