run_id = D9
fit_start = 6.60000e+02 s
fit_end = 1.79000e+03 s
mdot = 3.831302e-05 M_Sun/s