run_id = D10
fit_start = 4.80000e+02 s
fit_end = 1.08000e+03 s
mdot = 7.941160e-05 M_Sun/s