run_id = D8
fit_start = 9.00000e+02 s
fit_end = 2.17000e+03 s
mdot = 3.598735e-06 M_Sun/s