run_id = D5
fit_start = 6.00000e+02 s
fit_end = 2.79000e+03 s
mdot = 7.932923e-06 M_Sun/s